1 1 1 2 2 3 4 5 7 7 7 
8 8 8 9 9 11 12 13 13 16 17 
18 18 18 18 18 22 22 23 23 24 24 
27 28 28 28 32 33 33 34 34 35 35 
36 36 37 37 37 38 39 39 39 39 41 
41 41 42 42 42 43 44 44 45 45 46 
46 46 46 47 47 48 48 48 49 50 50 
50 51 52 52 52 53 55 55 55 55 55 
56 57 60 61 61 62 63 64 64 64 64 
65 65 65 66 66 67 67 67 70 70 71 
71 71 72 73 73 74 75 76 76 79 79 
79 79 79 81 81 82 84 85 86 87 87 
87 89 89 91 91 92 92 93 93 94 94 
97 97 98 98 98 99 100 101 102 103 103 
104 105 106 107 107 109 110 110 111 111 112 
112 112 113 113 113 113 114 114 114 114 115 
115 116 116 116 116 116 117 117 117 118 118 
118 118 118 119 119 119 121 121 122 123 124 
127 127 129 129 129 129 129 131 133 133 134 
134 135 135 135 136 137 138 139 140 140 140 
141 141 141 141 143 143 144 146 150 150 150 
151 151 152 152 152 154 154 154 154 157 157 
158 159 159 159 160 162 163 163 163 164 164 
164 165 166 168 168 169 169 169 169 170 171 
171 171 172 173 175 175 175 176 176 177 177 
178 178 179 179 180 181 181 182 185 186 186 
187 188 189 189 189 189 189 190 191 192 193 
194 194 194 195 195 195 196 197 197 198 198 
198 199 199 200 200 201 203 205 205 205 207 
207 208 209 209 209 209 210 211 212 212 212 
215 215 215 217 217 217 217 218 218 219 220 
221 222 223 223 223 225 226 227 227 228 229 
230 230 231 231 231 232 232 232 233 235 236 
236 237 237 239 240 240 240 241 242 243 243 
244 245 247 248 249 251 251 252 253 254 256 
256 257 259 259 260 260 260 261 262 262 262 
263 263 263 264 264 265 265 266 267 268 270 
270 271 272 272 273 274 275 277 277 280 280 
281 281 283 283 284 284 285 286 287 288 288 
289 291 291 291 292 292 292 293 295 295 297 
298 299 299 299 299 300 300 300 301 301 301 
302 303 303 307 307 308 308 309 309 309 311 
311 311 315 315 316 319 319 319 320 321 322 
322 322 323 324 326 327 328 328 328 329 330 
330 331 332 333 333 333 334 334 335 337 337 
338 338 339 339 339 339 339 339 339 341 341 
341 342 342 344 344 345 346 346 347 348 350 
350 351 352 352 353 353 353 354 354 354 355 
355 356 357 357 357 360 360 360 360 360 361 
363 365 366 366 367 367 368 369 370 371 371 
371 372 372 374 375 375 375 376 376 378 378 
378 379 380 381 381 381 383 384 385 385 385 
385 386 387 387 387 388 388 388 389 390 390 
392 392 393 394 396 396 396 397 397 398 399 
400 400 401 401 401 401 402 402 403 403 403 
403 404 404 404 405 406 406 408 410 410 411 
411 412 413 413 413 413 413 415 416 419 419 
420 420 421 422 423 423 424 425 425 427 428 
429 430 430 430 431 432 432 433 435 435 435 
435 436 436 437 437 437 437 438 438 438 439 
439 441 441 441 442 442 443 443 445 445 446 
447 448 448 448 448 448 449 449 449 449 449 
450 450 450 450 450 451 451 451 451 452 453 
455 456 456 457 457 458 459 459 459 461 462 
462 462 462 462 462 463 464 464 465 465 465 
466 468 468 468 468 469 469 469 470 471 472 
473 473 473 474 474 474 475 476 477 477 477 
478 478 479 481 481 481 481 482 484 486 488 
489 489 491 492 493 494 494 494 496 496 496 
496 496 497 497 498 500 502 504 504 504 505 
506 506 506 508 508 510 513 513 513 514 514 
514 515 515 516 517 518 519 519 519 520 520 
520 520 520 523 523 525 525 526 528 528 528 
529 529 530 530 532 533 533 533 534 534 534 
535 537 537 537 537 539 540 541 541 542 542 
543 544 544 545 545 546 546 546 546 547 548 
548 550 550 550 550 551 551 552 553 553 553 
554 554 554 555 555 556 556 556 556 557 557 
559 559 560 560 560 561 561 561 562 562 562 
563 563 563 566 569 569 569 569 572 572 572 
572 573 573 575 576 576 576 577 578 578 579 
579 580 581 581 581 582 583 583 583 585 587 
588 588 588 588 589 589 590 591 591 593 594 
594 595 596 596 596 597 598 598 598 599 599 
600 600 601 601 601 602 602 603 603 604 607 
607 609 609 610 610 611 611 612 612 613 613 
614 615 615 616 617 617 618 620 621 622 623 
623 623 623 623 624 624 627 627 629 629 630 
630 631 631 631 632 632 632 633 633 635 635 
636 636 637 637 638 638 639 639 640 642 644 
644 646 646 646 647 648 648 650 652 652 652 
653 654 657 658 659 660 660 661 662 662 662 
663 663 665 665 666 668 668 668 669 669 669 
671 672 672 673 676 676 677 677 679 679 679 
681 682 683 684 684 684 685 685 686 686 686 
686 687 687 687 687 688 689 689 689 691 691 
691 692 692 692 693 693 694 694 694 694 695 
696 699 699 700 701 701 702 702 702 705 705 
705 705 705 707 707 707 708 708 708 709 709 
710 711 711 712 712 713 713 714 715 715 715 
716 716 717 717 717 717 718 718 719 719 719 
720 720 720 720 720 721 721 722 723 723 724 
724 725 725 725 726 727 727 727 727 728 729 
729 731 732 733 733 734 734 735 736 736 736 
738 739 739 740 741 741 741 742 742 742 743 
745 746 746 747 747 748 748 748 749 750 751 
753 753 753 755 755 758 758 759 759 762 762 
763 763 764 764 765 765 765 765 766 766 767 
767 768 768 768 768 768 771 771 772 772 773 
774 775 775 776 777 777 779 781 781 781 782 
782 783 783 786 786 786 788 788 788 789 789 
790 791 791 792 793 793 794 794 795 796 797 
798 798 799 799 800 801 801 802 802 804 804 
804 805 807 807 808 809 809 812 812 812 813 
814 815 815 815 816 816 818 818 819 819 820 
821 821 822 824 824 825 826 826 826 827 828 
828 828 828 829 830 831 831 831 832 834 834 
834 835 835 835 836 836 836 837 837 838 838 
838 842 843 844 845 845 845 846 846 846 846 
847 847 848 851 851 851 851 851 852 852 853 
853 853 854 854 855 856 856 857 857 857 858 
859 859 860 862 863 863 864 864 864 864 865 
865 865 865 865 866 866 867 867 868 868 869 
870 872 872 872 872 873 874 874 877 877 877 
877 878 879 880 881 881 881 882 883 883 883 
884 885 885 886 886 886 886 887 887 888 888 
891 891 892 893 895 896 897 897 897 898 899 
899 900 900 900 900 902 903 904 904 908 908 
909 909 909 909 910 911 912 914 914 914 915 
916 916 918 919 919 919 920 920 921 923 923 
923 925 926 926 926 927 927 930 931 931 932 
932 933 933 933 933 934 934 935 935 936 937 
938 938 939 941 943 943 943 943 943 943 944 
947 947 948 948 948 949 949 950 952 952 952 
953 954 954 954 955 955 956 957 957 957 958 
959 959 959 959 959 961 961 962 962 962 962 
962 964 965 966 968 968 968 969 969 969 969 
969 969 970 970 971 972 974 974 974 974 978 
978 979 979 979 980 981 981 981 982 982 982 
983 985 986 986 989 990 991 991 992 992 994 
994 994 995 995 995 996 996 997 997 999 1000 
1000 1002 1002 1002 1003 1003 1005 1006 1007 1007 1008 
1010 1011 1011 1012 1014 1014 1015 1015 1015 1016 1016 
1017 1017 1017 1018 1018 1018 1020 1020 1021 1021 1022 
1023 1024 1024 1024 1025 1025 1025 1026 1026 1026 1027 
1028 1029 1030 1031 1031 1032 1032 1033 1034 1034 1034 
1035 1036 1037 1039 1039 1040 1040 1041 1041 1042 1042 
1042 1043 1043 1044 1044 1046 1047 1047 1048 1049 1049 
1050 1050 1051 1051 1051 1052 1054 1054 1055 1055 1055 
1059 1059 1062 1062 1064 1065 1065 1065 1065 1066 1068 
1070 1071 1071 1071 1072 1073 1073 1074 1074 1075 1076 
1076 1076 1077 1077 1077 1078 1081 1082 1082 1082 1082 
1083 1084 1084 1084 1085 1086 1086 1086 1087 1089 1089 
1090 1091 1091 1091 1092 1092 1092 1093 1095 1095 1097 
1097 1097 1098 1098 1099 1099 1099 1099 1099 1099 1100 
1100 1101 1101 1101 1103 1104 1104 1106 1106 1110 1111 
1112 1112 1112 1113 1114 1114 1114 1114 1115 1116 1116 
1117 1117 1118 1118 1118 1119 1120 1120 1120 1120 1121 
1121 1122 1122 1123 1123 1125 1126 1129 1129 1129 1129 
1132 1133 1133 1133 1134 1135 1136 1136 1139 1139 1140 
1140 1140 1141 1141 1141 1143 1144 1144 1145 1145 1146 
1147 1149 1150 1151 1152 1152 1152 1152 1152 1154 1154 
1155 1155 1156 1156 1156 1156 1157 1157 1157 1159 1159 
1160 1160 1161 1162 1163 1163 1164 1165 1165 1166 1166 
1169 1170 1172 1172 1174 1174 1174 1176 1177 1177 1178 
1178 1178 1178 1179 1179 1182 1182 1182 1183 1184 1185 
1185 1185 1186 1188 1188 1188 1189 1190 1190 1191 1191 
1192 1192 1193 1193 1196 1197 1198 1198 1199 1200 1203 
1203 1204 1204 1206 1206 1207 1210 1210 1213 1214 1214 
1216 1216 1217 1217 1221 1222 1223 1223 1224 1224 1224 
1225 1226 1226 1226 1226 1227 1228 1229 1229 1230 1230 
1230 1231 1233 1234 1235 1235 1237 1238 1238 1238 1239 
1239 1240 1241 1241 1241 1241 1242 1243 1243 1243 1243 
1243 1245 1246 1246 1246 1247 1249 1249 1249 1249 1251 
1251 1253 1256 1256 1257 1258 1259 1259 1260 1260 1261 
1262 1262 1262 1263 1263 1263 1264 1264 1264 1264 1265 
1265 1265 1266 1269 1269 1272 1273 1274 1275 1276 1276 
1277 1278 1278 1280 1280 1281 1281 1281 1284 1284 1285 
1285 1285 1285 1286 1286 1287 1287 1288 1288 1289 1290 
1290 1290 1291 1291 1292 1293 1293 1295 1295 1296 1297 
1299 1300 1301 1301 1302 1302 1302 1304 1304 1305 1306 
1307 1307 1307 1308 1308 1308 1310 1310 1310 1311 1311 
1312 1312 1312 1313 1314 1315 1315 1315 1316 1317 1317 
1317 1319 1319 1320 1320 1320 1320 1321 1321 1321 1321 
1323 1324 1324 1324 1325 1325 1325 1325 1326 1326 1327 
1328 1329 1329 1330 1330 1330 1330 1330 1331 1331 1331 
1332 1336 1336 1337 1337 1337 1337 1337 1338 1339 1340 
1342 1343 1343 1344 1344 1345 1346 1349 1350 1350 1351 
1351 1353 1353 1354 1354 1355 1355 1355 1355 1356 1358 
1359 1359 1360 1361 1362 1362 1364 1364 1365 1365 1366 
1366 1368 1368 1368 1369 1369 1369 1371 1372 1372 1372 
1373 1374 1374 1374 1375 1376 1376 1378 1378 1378 1378 
1379 1380 1383 1383 1384 1385 1385 1386 1386 1386 1388 
1389 1390 1390 1390 1390 1391 1392 1393 1393 1395 1395 
1396 1397 1398 1398 1398 1398 1399 1400 1401 1402 1403 
1404 1404 1405 1406 1407 1407 1407 1407 1409 1411 1413 
1413 1413 1414 1416 1416 1417 1417 1419 1420 1421 1421 
1421 1423 1424 1424 1424 1425 1425 1425 1425 1426 1427 
1427 1429 1430 1431 1432 1434 1435 1438 1440 1440 1441 
1441 1441 1444 1446 1446 1447 1448 1448 1450 1450 1450 
1450 1451 1453 1457 1457 1457 1457 1457 1457 1458 1459 
1460 1460 1461 1461 1465 1466 1466 1467 1467 1467 1467 
1468 1468 1470 1472 1472 1472 1472 1473 1473 1474 1474 
1475 1475 1476 1476 1477 1479 1479 1479 1480 1480 1481 
1482 1482 1483 1484 1484 1486 1486 1486 1487 1487 1487 
1491 1492 1493 1493 1494 1495 1495 1495 1496 1497 1498 
1499 1500 1501 1502 1502 1503 1503 1504 1505 1505 1505 
1505 1505 1505 1507 1509 1511 1511 1511 1511 1512 1512 
1513 1516 1516 1516 1517 1517 1518 1520 1521 1521 1521 
1522 1523 1523 1523 1524 1525 1526 1526 1526 1527 1533 
1536 1538 1538 1539 1539 1539 1539 1540 1540 1541 1541 
1542 1542 1542 1544 1544 1545 1545 1545 1545 1547 1547 
1547 1549 1549 1549 1550 1551 1551 1553 1553 1554 1554 
1554 1555 1555 1555 1555 1556 1556 1557 1558 1558 1559 
1559 1559 1560 1560 1560 1560 1561 1562 1562 1562 1562 
1562 1562 1563 1563 1563 1564 1564 1564 1565 1565 1565 
1565 1566 1567 1568 1569 1569 1570 1572 1572 1572 1574 
1574 1574 1575 1575 1575 1576 1577 1578 1578 1578 1579 
1579 1579 1581 1581 1581 1582 1585 1585 1586 1586 1586 
1588 1588 1588 1589 1589 1590 1590 1591 1592 1592 1592 
1592 1593 1593 1593 1594 1594 1596 1597 1598 1598 1598 
1599 1599 1600 1600 1601 1601 1602 1603 1604 1604 1606 
1607 1608 1608 1609 1609 1610 1611 1612 1612 1614 1616 
1616 1617 1617 1617 1617 1618 1619 1619 1619 1621 1621 
1621 1621 1621 1623 1624 1624 1626 1626 1626 1627 1628 
1629 1633 1633 1633 1633 1634 1634 1634 1635 1637 1640 
1640 1640 1641 1642 1642 1642 1642 1644 1645 1645 1645 
1646 1646 1647 1647 1647 1647 1648 1648 1648 1648 1648 
1648 1648 1649 1649 1649 1650 1651 1651 1652 1653 1654 
1657 1657 1658 1660 1661 1661 1662 1662 1662 1663 1664 
1665 1665 1665 1666 1666 1667 1667 1668 1671 1673 1674 
1675 1675 1678 1680 1680 1681 1682 1684 1685 1685 1685 
1685 1686 1686 1687 1689 1690 1692 1693 1694 1695 1696 
1697 1698 1698 1699 1699 1700 1700 1701 1701 1701 1702 
1702 1703 1703 1703 1704 1705 1705 1706 1706 1708 1708 
1710 1710 1711 1712 1712 1713 1714 1714 1716 1716 1718 
1719 1720 1720 1720 1721 1721 1721 1721 1722 1723 1723 
1724 1725 1725 1725 1725 1726 1726 1727 1728 1731 1731 
1732 1732 1735 1735 1738 1738 1738 1738 1739 1740 1740 
1741 1741 1743 1744 1744 1745 1745 1746 1747 1748 1748 
1749 1750 1750 1750 1752 1752 1752 1753 1753 1754 1754 
1755 1756 1756 1756 1756 1756 1757 1757 1758 1758 1759 
1759 1759 1762 1762 1763 1763 1764 1764 1765 1765 1766 
1766 1767 1767 1767 1768 1768 1769 1771 1771 1771 1772 
1773 1773 1774 1775 1776 1776 1777 1777 1778 1779 1779 
1783 1784 1784 1785 1785 1786 1788 1788 1788 1789 1789 
1789 1789 1790 1790 1790 1791 1791 1791 1792 1792 1792 
1792 1793 1795 1796 1797 1799 1799 1799 1800 1800 1801 
1801 1802 1802 1802 1803 1804 1804 1807 1807 1808 1812 
1814 1814 1815 1815 1817 1818 1819 1819 1820 1821 1821 
1821 1821 1821 1822 1822 1822 1823 1823 1823 1824 1825 
1825 1826 1826 1827 1827 1828 1828 1828 1829 1831 1832 
1832 1834 1834 1834 1837 1838 1838 1839 1839 1839 1840 
1841 1841 1842 1843 1844 1845 1847 1847 1847 1848 1848 
1848 1849 1849 1849 1850 1850 1851 1851 1851 1852 1852 
1852 1853 1853 1855 1857 1857 1857 1858 1859 1861 1861 
1862 1863 1864 1864 1864 1865 1865 1866 1869 1869 1869 
1870 1870 1870 1871 1872 1873 1873 1873 1874 1875 1876 
1877 1877 1878 1878 1879 1879 1880 1881 1881 1881 1883 
1884 1884 1886 1886 1887 1888 1889 1890 1894 1894 1895 
1897 1899 1899 1899 1900 1903 1904 1906 1906 1906 1906 
1910 1910 1910 1913 1913 1913 1914 1915 1919 1923 1923 
1925 1926 1926 1928 1928 1928 1928 1929 1930 1931 1932 
1933 1933 1934 1934 1935 1935 1935 1935 1937 1938 1939 
1939 1939 1939 1940 1941 1942 1942 1943 1943 1945 1945 
1945 1946 1947 1948 1949 1950 1951 1952 1952 1952 1952 
1952 1953 1953 1953 1954 1956 1956 1957 1957 1957 1957 
1959 1960 1962 1962 1963 1963 1964 1964 1965 1966 1966 
1968 1970 1971 1973 1974 1974 1975 1975 1975 1975 1977 
1979 1980 1981 1981 1981 1982 1982 1982 1983 1983 1983 
1984 1985 1987 1987 1989 1990 1990 1990 1991 1992 1992 
1993 1994 1994 1994 1994 1994 1995 1998 1999 1999 2000 
2001 2001 2002 2004 2004 2005 2005 2006 2007 2008 2008 
2008 2010 2010 2010 2011 2011 2012 2013 2014 2014 2014 
2015 2016 2017 2018 2019 2020 2021 2021 2022 2022 2023 
2023 2023 2026 2026 2026 2027 2028 2028 2028 2028 2029 
2029 2029 2030 2034 2034 2034 2036 2036 2037 2037 2038 
2038 2039 2039 2039 2040 2041 2041 2041 2042 2043 2044 
2044 2044 2044 2045 2045 2045 2047 2047 2048 2048 2049 
2053 2053 2054 2055 2056 2056 2056 2058 2058 2059 2059 
2061 2061 2062 2063 2064 2064 2065 2065 2065 2066 2067 
2068 2069 2069 2070 2072 2073 2073 2076 2077 2078 2078 
2079 2080 2080 2081 2082 2083 2085 2085 2086 2088 2089 
2089 2089 2092 2094 2094 2094 2095 2097 2097 2098 2098 
2098 2098 2099 2100 2100 2101 2102 2104 2104 2104 2105 
2105 2107 2107 2108 2108 2108 2108 2109 2109 2109 2109 
2109 2110 2110 2111 2114 2114 2115 2115 2116 2116 2116 
2117 2117 2117 2119 2119 2119 2121 2122 2122 2123 2123 
2124 2124 2126 2126 2128 2128 2129 2130 2130 2130 2130 
2131 2132 2133 2135 2135 2135 2135 2136 2136 2137 2137 
2137 2138 2141 2141 2141 2142 2142 2143 2144 2145 2145 
2146 2147 2147 2147 2148 2150 2150 2152 2153 2153 2154 
2154 2154 2154 2155 2155 2155 2156 2157 2157 2157 2157 
2158 2158 2159 2160 2160 2160 2160 2161 2162 2162 2162 
2163 2165 2165 2167 2167 2168 2169 2169 2170 2171 2171 
2171 2173 2174 2174 2174 2174 2175 2175 2175 2175 2176 
2177 2177 2177 2177 2178 2178 2179 2179 2180 2181 2182 
2184 2184 2184 2185 2185 2185 2185 2186 2186 2186 2186 
2188 2188 2188 2188 2189 2189 2190 2190 2192 2193 2193 
2195 2195 2196 2196 2197 2197 2198 2198 2199 2199 2200 
2201 2202 2202 2202 2202 2202 2206 2208 2208 2210 2211 
2211 2211 2212 2212 2212 2213 2213 2213 2214 2215 2216 
2217 2217 2218 2219 2220 2222 2222 2223 2223 2224 2225 
2226 2226 2226 2227 2227 2228 2228 2229 2229 2229 2231 
2231 2231 2232 2232 2233 2233 2234 2234 2234 2237 2238 
2238 2239 2239 2240 2241 2241 2242 2243 2244 2246 2247 
2247 2249 2250 2250 2251 2251 2251 2255 2255 2257 2257 
2257 2258 2258 2259 2259 2261 2263 2263 2263 2263 2264 
2266 2267 2267 2268 2268 2269 2270 2270 2271 2273 2273 
2273 2274 2274 2275 2278 2280 2280 2282 2283 2283 2283 
2284 2284 2284 2285 2286 2286 2287 2288 2288 2289 2290 
2290 2291 2292 2292 2293 2294 2294 2294 2294 2295 2295 
2297 2297 2299 2299 2299 2299 2301 2301 2301 2302 2303 
2303 2304 2304 2305 2306 2306 2306 2307 2307 2307 2307 
2308 2308 2310 2311 2311 2311 2314 2314 2315 2315 2316 
2316 2316 2317 2317 2318 2318 2319 2319 2319 2320 2321 
2321 2323 2323 2324 2325 2325 2326 2326 2328 2328 2328 
2329 2329 2329 2330 2330 2330 2331 2332 2332 2332 2335 
2336 2336 2339 2339 2340 2341 2344 2344 2344 2345 2345 
2345 2346 2346 2347 2348 2348 2349 2349 2350 2351 2351 
2352 2352 2353 2354 2354 2354 2354 2354 2356 2357 2357 
2357 2359 2359 2360 2360 2360 2361 2362 2364 2364 2364 
2365 2366 2366 2366 2367 2367 2367 2367 2368 2369 2370 
2370 2371 2372 2372 2372 2372 2372 2372 2373 2373 2374 
2375 2375 2375 2376 2378 2379 2379 2380 2382 2385 2385 
2385 2385 2390 2393 2393 2393 2394 2394 2395 2396 2396 
2397 2398 2399 2400 2400 2401 2404 2405 2407 2407 2408 
2409 2410 2410 2411 2411 2414 2415 2416 2418 2418 2418 
2418 2418 2419 2422 2423 2423 2424 2424 2424 2424 2425 
2426 2427 2428 2430 2430 2430 2431 2432 2432 2432 2433 
2433 2434 2434 2436 2436 2437 2438 2438 2438 2439 2440 
2441 2442 2442 2443 2443 2444 2445 2446 2446 2446 2447 
2447 2447 2447 2448 2448 2448 2449 2449 2449 2450 2452 
2455 2455 2456 2457 2458 2458 2458 2458 2458 2459 2461 
2461 2461 2462 2463 2463 2464 2465 2465 2465 2465 2468 
2468 2469 2469 2470 2471 2471 2472 2473 2473 2474 2474 
2474 2476 2480 2480 2481 2482 2482 2483 2484 2484 2484 
2484 2484 2485 2485 2486 2486 2487 2487 2488 2489 2489 
2491 2491 2492 2492 2493 2493 2494 2495 2495 2496 2496 
2497 2498 2498 2498 2498 2498 2499 2500 2500 2500 2501 
2502 2502 2502 2503 2503 2504 2504 2504 2505 2505 2508 
2508 2509 2510 2510 2510 2510 2511 2512 2513 2513 2514 
2517 2518 2519 2520 2521 2521 2521 2522 2522 2523 2523 
2524 2526 2528 2529 2529 2530 2530 2531 2531 2531 2532 
2534 2534 2535 2535 2537 2538 2538 2539 2540 2540 2540 
2543 2544 2545 2545 2546 2546 2547 2547 2548 2548 2548 
2549 2549 2550 2550 2551 2553 2553 2553 2555 2556 2556 
2556 2556 2557 2557 2558 2560 2561 2562 2563 2564 2565 
2567 2567 2567 2568 2568 2568 2569 2570 2573 2573 2574 
2574 2576 2577 2578 2578 2579 2581 2583 2584 2584 2585 
2586 2587 2587 2587 2588 2588 2588 2588 2589 2590 2590 
2590 2591 2591 2591 2592 2592 2593 2594 2595 2595 2595 
2596 2597 2598 2599 2599 2600 2605 2605 2605 2605 2606 
2606 2606 2608 2608 2609 2610 2612 2612 2613 2614 2614 
2615 2616 2616 2617 2617 2617 2617 2617 2618 2619 2619 
2619 2621 2621 2622 2623 2623 2623 2624 2624 2624 2625 
2625 2625 2625 2627 2627 2628 2629 2630 2630 2631 2631 
2633 2633 2633 2634 2636 2637 2638 2639 2640 2640 2640 
2641 2642 2642 2642 2644 2644 2644 2644 2645 2647 2648 
2648 2648 2648 2648 2649 2649 2651 2651 2652 2652 2652 
2652 2653 2655 2655 2656 2656 2656 2656 2659 2659 2659 
2660 2660 2660 2663 2663 2664 2664 2666 2666 2667 2669 
2669 2669 2671 2671 2671 2672 2672 2673 2673 2674 2676 
2676 2676 2677 2677 2678 2678 2679 2679 2680 2681 2682 
2682 2682 2682 2683 2683 2683 2683 2685 2685 2686 2686 
2687 2692 2693 2695 2697 2697 2698 2699 2700 2701 2703 
2703 2704 2704 2704 2705 2705 2706 2706 2707 2708 2708 
2709 2710 2710 2711 2712 2714 2716 2716 2716 2716 2717 
2718 2719 2720 2720 2720 2720 2722 2723 2724 2725 2725 
2725 2725 2726 2729 2729 2730 2731 2732 2732 2732 2733 
2733 2733 2733 2734 2735 2736 2737 2737 2739 2741 2741 
2744 2744 2745 2745 2745 2745 2745 2746 2746 2746 2746 
2747 2747 2747 2748 2749 2749 2750 2750 2751 2751 2751 
2752 2752 2754 2754 2754 2754 2755 2755 2756 2756 2759 
2763 2765 2765 2766 2767 2768 2771 2774 2775 2776 2777 
2777 2778 2779 2780 2780 2781 2781 2781 2782 2784 2785 
2788 2789 2790 2791 2791 2791 2792 2792 2792 2793 2793 
2793 2795 2795 2795 2795 2796 2796 2796 2797 2798 2799 
2800 2801 2801 2802 2803 2803 2803 2804 2805 2806 2807 
2807 2808 2808 2808 2808 2809 2810 2810 2811 2811 2811 
2813 2813 2813 2813 2813 2814 2814 2814 2815 2815 2816 
2816 2817 2817 2818 2822 2822 2823 2824 2824 2824 2824 
2825 2825 2825 2826 2830 2831 2832 2833 2835 2835 2837 
2838 2839 2840 2841 2841 2841 2842 2842 2843 2843 2844 
2844 2844 2845 2846 2846 2846 2847 2847 2848 2849 2849 
2852 2853 2854 2854 2855 2856 2857 2857 2858 2858 2858 
2859 2860 2860 2860 2861 2862 2863 2864 2866 2867 2867 
2867 2867 2868 2869 2870 2870 2870 2872 2872 2874 2876 
2877 2879 2879 2880 2881 2881 2882 2883 2883 2883 2884 
2884 2885 2885 2887 2887 2887 2888 2888 2892 2893 2894 
2895 2895 2897 2897 2897 2898 2898 2898 2900 2900 2900 
2900 2901 2901 2902 2902 2903 2904 2905 2905 2905 2905 
2905 2906 2906 2906 2907 2908 2910 2911 2911 2912 2912 
2912 2912 2912 2913 2915 2915 2918 2918 2918 2919 2921 
2921 2921 2921 2921 2922 2922 2922 2924 2924 2924 2925 
2925 2925 2926 2926 2926 2927 2929 2929 2929 2930 2930 
2930 2930 2931 2932 2933 2935 2935 2935 2936 2936 2937 
2937 2938 2939 2941 2942 2944 2945 2947 2947 2948 2948 
2949 2949 2951 2951 2951 2951 2952 2955 2956 2957 2957 
2957 2958 2959 2960 2960 2960 2961 2961 2961 2962 2963 
2964 2965 2965 2965 2966 2967 2968 2968 2968 2969 2969 
2970 2970 2971 2971 2971 2971 2972 2972 2973 2974 2975 
2979 2981 2982 2984 2984 2984 2985 2985 2986 2986 2987 
2987 2988 2989 2989 2989 2991 2995 2995 2996 2997 2997 
2998 2999 3000 3001 3001 3002 3006 3006 3006 3006 3007 
3007 3009 3010 3011 3011 3011 3012 3012 3013 3013 3020 
3021 3023 3023 3025 3026 3026 3026 3027 3031 3031 3031 
3031 3032 3032 3032 3033 3035 3035 3036 3036 3037 3037 
3039 3040 3040 3040 3041 3041 3042 3043 3043 3045 3045 
3047 3047 3048 3048 3048 3049 3051 3052 3052 3054 3054 
3054 3054 3055 3056 3056 3057 3058 3058 3059 3060 3061 
3063 3064 3066 3067 3067 3067 3068 3069 3069 3069 3070 
3071 3071 3072 3076 3077 3077 3077 3077 3078 3078 3079 
3081 3083 3084 3085 3085 3086 3087 3087 3089 3090 3091 
3092 3093 3094 3094 3096 3096 3096 3096 3097 3099 3099 
3099 3103 3105 3105 3105 3106 3107 3107 3108 3108 3108 
3110 3111 3111 3111 3112 3114 3114 3117 3117 3117 3118 
3119 3120 3122 3124 3124 3124 3125 3125 3125 3126 3128 
3129 3130 3131 3132 3132 3132 3133 3135 3136 3136 3137 
3138 3138 3139 3140 3140 3140 3142 3145 3146 3147 3147 
3147 3148 3148 3150 3151 3152 3153 3153 3153 3153 3155 
3156 3156 3156 3156 3156 3156 3157 3157 3159 3160 3160 
3161 3161 3163 3164 3164 3165 3165 3166 3168 3169 3171 
3172 3174 3175 3176 3176 3177 3177 3177 3179 3181 3181 
3182 3182 3186 3187 3187 3187 3189 3189 3191 3191 3191 
3193 3193 3193 3193 3193 3194 3197 3199 3199 3202 3202 
3202 3206 3207 3207 3207 3208 3210 3210 3211 3211 3211 
3212 3212 3213 3213 3214 3215 3217 3218 3218 3220 3220 
3221 3221 3222 3222 3223 3223 3224 3224 3225 3225 3225 
3225 3226 3228 3228 3229 3229 3229 3230 3231 3231 3231 
3233 3234 3234 3234 3234 3235 3235 3235 3238 3238 3239 
3241 3242 3243 3245 3245 3246 3246 3246 3246 3247 3248 
3248 3250 3252 3254 3254 3255 3255 3255 3255 3257 3257 
3258 3260 3261 3261 3263 3263 3264 3265 3266 3268 3270 
3271 3271 3271 3273 3273 3275 3275 3276 3276 3276 3276 
3277 3277 3278 3278 3279 3280 3281 3282 3282 3283 3285 
3285 3285 3286 3286 3286 3286 3286 3287 3288 3288 3289 
3290 3290 3291 3291 3293 3293 3293 3294 3294 3295 3296 
3296 3297 3297 3297 3298 3299 3299 3300 3301 3302 3303 
3305 3305 3305 3306 3308 3309 3309 3310 3310 3310 3310 
3311 3311 3311 3314 3314 3314 3315 3316 3316 3317 3317 
3317 3319 3319 3319 3320 3320 3321 3322 3322 3322 3322 
3323 3323 3323 3325 3329 3330 3331 3331 3331 3331 3332 
3332 3332 3332 3332 3332 3333 3333 3333 3334 3334 3336 
3336 3337 3340 3342 3342 3343 3343 3343 3344 3344 3345 
3347 3349 3350 3351 3351 3351 3352 3352 3354 3356 3356 
3358 3359 3360 3360 3360 3363 3363 3363 3364 3364 3365 
3367 3367 3367 3368 3368 3368 3369 3370 3370 3370 3370 
3371 3372 3372 3372 3373 3374 3374 3375 3375 3376 3378 
3379 3379 3379 3379 3380 3381 3382 3382 3383 3383 3383 
3383 3384 3385 3385 3385 3386 3387 3388 3388 3390 3390 
3391 3392 3392 3392 3393 3393 3393 3394 3394 3394 3395 
3396 3396 3398 3399 3399 3399 3400 3400 3400 3400 3400 
3401 3402 3402 3402 3402 3403 3403 3404 3406 3406 3407 
3408 3409 3409 3410 3410 3411 3412 3412 3414 3414 3416 
3416 3416 3416 3416 3416 3417 3418 3418 3419 3419 3420 
3422 3425 3425 3426 3426 3427 3427 3428 3429 3429 3430 
3432 3432 3432 3433 3433 3434 3434 3436 3436 3437 3437 
3439 3440 3440 3442 3442 3442 3443 3444 3444 3445 3445 
3445 3445 3445 3446 3447 3448 3451 3451 3453 3455 3456 
3457 3459 3459 3459 3460 3461 3461 3461 3462 3463 3463 
3464 3464 3464 3465 3465 3467 3467 3467 3468 3469 3469 
3471 3471 3472 3472 3473 3476 3476 3477 3477 3477 3481 
3482 3483 3483 3484 3485 3486 3487 3487 3487 3487 3487 
3489 3489 3489 3489 3490 3490 3490 3492 3492 3493 3493 
3493 3495 3496 3496 3496 3497 3498 3498 3498 3498 3499 
3499 3499 3499 3499 3500 3501 3502 3502 3504 3506 3506 
3506 3507 3508 3509 3509 3509 3510 3510 3511 3511 3511 
3512 3512 3512 3513 3513 3515 3515 3515 3516 3516 3516 
3516 3517 3518 3518 3519 3520 3521 3522 3523 3524 3525 
3526 3526 3529 3530 3530 3532 3533 3533 3535 3535 3535 
3535 3536 3536 3536 3538 3538 3540 3541 3542 3544 3544 
3544 3544 3545 3545 3546 3547 3548 3548 3549 3549 3550 
3551 3551 3552 3552 3552 3553 3553 3554 3554 3556 3556 
3557 3557 3558 3559 3559 3560 3561 3561 3562 3563 3563 
3564 3565 3566 3566 3567 3568 3569 3569 3570 3573 3573 
3573 3574 3575 3576 3577 3577 3578 3579 3580 3582 3582 
3583 3584 3588 3588 3590 3591 3591 3592 3593 3593 3594 
3595 3595 3596 3596 3596 3597 3599 3599 3600 3601 3603 
3603 3604 3609 3612 3612 3613 3614 3615 3617 3617 3618 
3620 3620 3621 3622 3622 3622 3622 3622 3623 3623 3623 
3623 3624 3624 3624 3625 3625 3627 3628 3629 3630 3630 
3630 3630 3631 3632 3633 3633 3634 3634 3636 3637 3638 
3639 3640 3642 3645 3648 3648 3648 3649 3649 3651 3651 
3651 3653 3654 3654 3657 3658 3659 3661 3662 3662 3662 
3663 3663 3664 3664 3664 3665 3666 3668 3668 3669 3669 
3669 3670 3672 3672 3674 3674 3677 3677 3679 3680 3680 
3680 3680 3681 3681 3683 3683 3684 3684 3684 3686 3689 
3689 3690 3692 3693 3693 3694 3695 3695 3696 3696 3696 
3696 3697 3697 3698 3700 3700 3702 3702 3702 3702 3703 
3705 3707 3707 3707 3708 3709 3710 3711 3711 3712 3713 
3713 3714 3714 3714 3716 3716 3717 3718 3719 3719 3719 
3720 3721 3721 3722 3723 3724 3724 3724 3725 3725 3725 
3728 3728 3729 3729 3730 3730 3731 3731 3734 3734 3734 
3734 3735 3737 3738 3738 3739 3741 3741 3742 3743 3743 
3744 3744 3745 3746 3746 3747 3749 3749 3750 3752 3752 
3753 3753 3755 3755 3757 3759 3760 3761 3761 3763 3763 
3764 3764 3766 3767 3769 3769 3769 3771 3773 3774 3777 
3777 3778 3779 3783 3783 3784 3789 3790 3790 3790 3790 
3792 3792 3793 3794 3795 3795 3795 3796 3797 3798 3800 
3800 3800 3802 3803 3803 3803 3804 3806 3807 3809 3810 
3811 3811 3812 3812 3813 3813 3814 3815 3815 3817 3818 
3818 3819 3820 3820 3820 3821 3822 3823 3824 3824 3826 
3827 3828 3829 3829 3829 3829 3830 3831 3832 3834 3834 
3835 3836 3837 3837 3837 3838 3839 3839 3840 3840 3843 
3845 3845 3845 3847 3849 3850 3851 3852 3853 3854 3857 
3859 3859 3860 3861 3862 3862 3863 3864 3864 3865 3866 
3866 3867 3868 3868 3871 3872 3872 3872 3874 3875 3875 
3875 3876 3876 3876 3878 3879 3880 3881 3881 3882 3882 
3883 3883 3883 3883 3884 3884 3884 3886 3886 3888 3889 
3889 3890 3892 3892 3893 3893 3893 3893 3894 3894 3894 
3895 3895 3895 3896 3896 3896 3896 3896 3897 3898 3898 
3899 3899 3900 3903 3903 3904 3905 3906 3906 3906 3907 
3908 3909 3910 3911 3913 3913 3914 3914 3915 3916 3916 
3917 3918 3920 3920 3921 3922 3923 3924 3925 3926 3927 
3929 3929 3932 3933 3933 3934 3934 3935 3936 3937 3938 
3938 3938 3938 3939 3940 3941 3942 3942 3943 3943 3945 
3946 3947 3948 3948 3949 3950 3950 3951 3952 3953 3953 
3953 3954 3957 3958 3958 3959 3961 3961 3961 3961 3961 
3963 3963 3964 3964 3965 3966 3967 3967 3968 3969 3969 
3971 3973 3973 3973 3974 3974 3975 3975 3976 3976 3978 
3979 3979 3980 3980 3985 3985 3987 3989 3989 3989 3989 
3989 3990 3991 3993 3993 3995 3996 3997 3997 3999 4001 
4002 4002 4004 4006 4007 4008 4010 4011 4011 4012 4013 
4015 4020 4020 4020 4020 4020 4021 4022 4022 4023 4024 
4026 4026 4027 4027 4027 4028 4029 4032 4032 4033 4033 
4033 4034 4034 4035 4035 4036 4037 4037 4038 4038 4038 
4039 4040 4041 4042 4042 4043 4044 4044 4046 4046 4046 
4048 4048 4048 4048 4049 4050 4050 4052 4052 4052 4053 
4055 4055 4057 4057 4060 4061 4061 4061 4062 4063 4064 
4064 4065 4065 4065 4066 4066 4066 4067 4068 4070 4071 
4071 4071 4071 4071 4072 4074 4075 4077 4077 4078 4079 
4080 4080 4081 4083 4084 4085 4085 4086 4087 4088 4088 
4088 4089 4091 4091 4091 4092 4092 4092 4092 4093 4095 
4095 4097 4099 4099 4101 4101 4101 4101 4102 4103 4103 
4105 4106 4107 4108 4109 4110 4110 4112 4114 4115 4115 
4115 4116 4117 4118 4119 4119 4119 4119 4121 4121 4124 
4124 4124 4125 4125 4125 4127 4127 4128 4128 4131 4133 
4133 4133 4134 4136 4136 4137 4137 4138 4139 4141 4142 
4143 4144 4144 4145 4146 4146 4147 4148 4150 4150 4151 
4151 4151 4152 4153 4153 4155 4155 4155 4155 4156 4157 
4157 4157 4160 4161 4163 4165 4165 4165 4165 4166 4167 
4169 4169 4170 4170 4171 4171 4171 4173 4174 4174 4174 
4175 4176 4176 4176 4176 4178 4180 4180 4180 4182 4182 
4182 4182 4184 4185 4185 4186 4186 4188 4189 4189 4189 
4190 4190 4191 4191 4191 4192 4193 4194 4194 4195 4197 
4199 4200 4200 4200 4200 4202 4203 4204 4205 4205 4208 
4208 4209 4211 4211 4213 4213 4216 4216 4217 4217 4218 
4218 4218 4220 4221 4221 4221 4222 4224 4224 4224 4227 
4228 4229 4229 4229 4230 4232 4233 4234 4234 4234 4235 
4236 4236 4236 4239 4239 4239 4239 4239 4240 4240 4240 
4241 4243 4244 4246 4246 4247 4248 4250 4252 4252 4253 
4253 4253 4255 4255 4256 4258 4259 4259 4259 4260 4260 
4261 4261 4261 4262 4262 4263 4263 4263 4264 4266 4266 
4266 4267 4267 4268 4271 4273 4274 4274 4274 4274 4274 
4275 4275 4275 4275 4276 4278 4278 4280 4280 4281 4281 
4282 4282 4285 4286 4287 4288 4288 4289 4289 4289 4290 
4292 4293 4293 4294 4296 4297 4298 4298 4299 4300 4300 
4302 4303 4304 4305 4307 4307 4307 4309 4309 4310 4311 
4313 4313 4314 4315 4315 4316 4317 4318 4318 4318 4319 
4320 4321 4321 4321 4322 4322 4322 4323 4323 4323 4324 
4326 4326 4327 4331 4332 4333 4334 4336 4336 4336 4337 
4338 4339 4339 4339 4340 4340 4341 4341 4342 4342 4343 
4346 4347 4347 4347 4348 4348 4349 4349 4350 4350 4350 
4351 4352 4354 4354 4356 4356 4359 4359 4360 4361 4364 
4365 4366 4367 4368 4368 4369 4369 4370 4371 4371 4372 
4372 4373 4374 4375 4375 4375 4378 4378 4378 4380 4380 
4380 4380 4382 4383 4383 4383 4384 4386 4386 4386 4387 
4387 4389 4389 4390 4390 4390 4390 4390 4391 4391 4391 
4391 4392 4392 4393 4393 4393 4394 4394 4395 4395 4395 
4397 4397 4398 4399 4400 4401 4401 4405 4406 4406 4410 
4411 4413 4413 4413 4415 4416 4420 4421 4422 4422 4423 
4423 4423 4424 4424 4425 4426 4427 4428 4429 4431 4432 
4432 4433 4433 4436 4436 4436 4437 4438 4439 4440 4441 
4441 4443 4444 4446 4447 4449 4451 4451 4451 4451 4452 
4454 4456 4457 4457 4457 4457 4459 4459 4459 4460 4460 
4461 4462 4462 4463 4463 4464 4464 4465 4465 4465 4465 
4466 4466 4467 4467 4467 4469 4469 4471 4473 4475 4475 
4476 4476 4476 4479 4480 4484 4486 4486 4488 4489 4489 
4490 4490 4490 4493 4494 4494 4495 4495 4497 4497 4497 
4499 4500 4501 4502 4504 4506 4506 4507 4507 4510 4512 
4513 4514 4514 4515 4515 4515 4516 4516 4518 4520 4521 
4521 4522 4522 4525 4525 4526 4526 4526 4527 4527 4528 
4529 4529 4529 4529 4531 4531 4531 4533 4533 4534 4535 
4535 4536 4536 4538 4538 4542 4542 4547 4547 4548 4548 
4549 4549 4549 4551 4551 4551 4552 4553 4553 4555 4555 
4555 4556 4556 4556 4557 4557 4557 4560 4560 4560 4561 
4562 4563 4565 4565 4565 4566 4566 4566 4566 4572 4573 
4573 4574 4574 4575 4575 4575 4575 4576 4576 4576 4576 
4576 4576 4577 4578 4578 4579 4579 4579 4580 4580 4581 
4582 4583 4584 4584 4584 4585 4585 4587 4588 4588 4589 
4590 4590 4591 4591 4592 4593 4594 4598 4598 4600 4600 
4600 4601 4601 4601 4602 4602 4602 4603 4605 4606 4607 
4607 4608 4610 4612 4614 4615 4615 4616 4616 4616 4617 
4618 4619 4620 4624 4624 4625 4625 4625 4626 4626 4626 
4627 4629 4629 4630 4630 4631 4631 4633 4634 4634 4636 
4637 4637 4638 4638 4639 4639 4639 4640 4641 4642 4642 
4642 4643 4643 4644 4645 4646 4646 4648 4649 4649 4650 
4654 4655 4655 4657 4657 4658 4658 4659 4659 4659 4660 
4660 4660 4661 4663 4663 4664 4665 4666 4666 4666 4666 
4668 4668 4669 4669 4671 4671 4671 4672 4673 4673 4674 
4674 4675 4675 4676 4676 4676 4676 4677 4677 4677 4678 
4679 4680 4681 4682 4682 4682 4682 4683 4683 4683 4684 
4684 4685 4685 4686 4689 4691 4693 4694 4695 4696 4699 
4700 4700 4700 4701 4701 4702 4702 4703 4704 4705 4706 
4706 4706 4707 4707 4707 4709 4710 4711 4711 4712 4715 
4715 4715 4716 4716 4716 4716 4717 4717 4717 4718 4720 
4720 4721 4721 4721 4723 4723 4724 4725 4726 4728 4729 
4730 4731 4731 4731 4731 4732 4733 4733 4735 4735 4738 
4738 4739 4740 4741 4744 4750 4750 4750 4751 4753 4754 
4755 4756 4757 4757 4759 4759 4759 4760 4760 4760 4761 
4762 4762 4763 4763 4765 4765 4766 4769 4769 4769 4771 
4772 4774 4775 4775 4775 4775 4775 4776 4776 4776 4776 
4777 4778 4778 4779 4779 4780 4782 4783 4786 4787 4787 
4787 4787 4788 4789 4791 4792 4793 4795 4795 4796 4797 
4798 4798 4799 4800 4800 4800 4801 4801 4803 4804 4804 
4805 4806 4807 4807 4810 4810 4812 4813 4818 4819 4819 
4821 4821 4822 4822 4822 4823 4823 4824 4825 4827 4830 
4831 4831 4832 4832 4832 4832 4833 4834 4836 4842 4844 
4844 4846 4846 4846 4848 4848 4848 4848 4849 4850 4850 
4850 4851 4851 4852 4852 4852 4854 4854 4856 4857 4858 
4859 4862 4862 4864 4867 4867 4869 4869 4870 4870 4871 
4872 4872 4872 4873 4874 4876 4876 4877 4877 4878 4879 
4880 4881 4882 4885 4886 4887 4888 4888 4888 4891 4891 
4891 4892 4893 4893 4893 4893 4895 4897 4897 4897 4898 
4898 4899 4899 4900 4901 4902 4903 4903 4903 4904 4906 
4906 4908 4909 4909 4910 4910 4910 4912 4912 4913 4913 
4913 4913 4914 4914 4914 4915 4916 4919 4919 4920 4920 
4922 4925 4925 4925 4926 4928 4928 4929 4931 4931 4931 
4931 4932 4932 4933 4933 4934 4934 4934 4935 4936 4936 
4937 4937 4937 4938 4940 4940 4940 4941 4942 4943 4943 
4944 4945 4945 4946 4947 4948 4948 4948 4951 4952 4953 
4953 4955 4955 4958 4959 4961 4961 4965 4965 4965 4966 
4966 4967 4967 4968 4970 4970 4970 4972 4973 4975 4976 
4976 4979 4980 4980 4981 4983 4984 4984 4985 4986 4986 
4987 4990 4991 4992 4992 4992 4992 4992 4994 4995 4996 
4996 4997 4999 4999 